0,73,81,12,82,57,9,25,49,86
73,0,86,15,87,86,44,72,13,38
81,86,0,82,71,86,59,4,76,84
12,15,82,0,61,68,67,35,59,16
82,87,71,61,0,63,3,25,5,9
57,86,86,68,63,0,74,62,29,85
9,44,59,67,3,74,0,4,40,34
25,72,4,35,25,62,4,0,69,71
49,13,76,59,5,29,40,69,0,17
86,38,84,16,9,85,34,71,17,0
